8887
1417
1504
5534
1030
3617
7545
4976
7578
3787
807
3359
205
4861
3456
7964
3698
5987
4316
6475
7926
4031
1255
9441
6771
7127
1112
1559
9745
595
4617
9640
5566
5725
4507
4273
8171
5509
9494
4177
2786
3809
4412
8372
6174
3639
5029
8595
2598
7258
9555
8971
3322
4820
4472
5832
2582
2669
8341
5512
5118
8101
6017
7343
7248
1788
2032
2289
3107
9397
132
2926
494
3420
6087
2783
1795
6000
441
8474
8952
5032
4983
9309
9352
502
3559
4567
2528
2199
729
6511
4484
1822
2897
5660
3457
620
2689
3183
129
8551
4161
5133
2510
4605
9939
2287
2183
2026
474
3365
3758
536
7805
2991
36
8350
1946
2060
1472
3628
5605
7714
7077
6880
424
9888
7441
1806
9121
2181
7802
7421
9157
8735
7427
3766
551
264
8050
4609
3231
5016
5536
2965
8937
8399
6278
4780
5863
9847
4883
3150
4467
8234
8403
7580
6038
9889
7372
5841
6236
7981
5038
7204
1423
8261
2061
8192
9273
7259
746
6646
6051
2637
6095
2152
949
9215
9500
134
2838
2858
3049
8665
9610
6825
2661
3050
6293
4428
6989
1597
4612
5240
4539
4814
3329
2416
8486
6430
5150
5905
4819
1012
9144
1608
8414
150
9748
5342
3885
2514
7132
3378
749
4514
4354
3688
6690
8914
3479
312
7147
4151
3234
7363
4991
8858
4653
3436
3125
8144
5065
7736
9308
9825
2051
8290
1422
3684
7221
6169
7327
5228
43
6268
4450
4087
1596
4580
1570
8018
9422
6902
1977
8661
639
3066
3959
3434
9782
2638
3288
2011
4491
5705
6398
6032
2035
2446
1828
6230
3051
3850
6677
4555
8465
4573
6245
4534
2950
7440
6027
8334
5234
6502
5400
1738
705
7176
8242
6768
5242
4768
6721
2437
8650
6125
2294
6591
9526
849
7316
9451
4551
9343
9453
1116
1518
9896
5522
1816
587
427
2290
3675
5600
6451
8524
7391
1895
4214
877
4872
3649
5338
5277
5115
8368
8739
2209
6695
6908
9221
7198
2922
937
5421
6636
8655
8428
5658
8227
7494
7560
9152
3310
3785
3539
6686
6264
3990
4167
6132
6467
6936
3603
1534
3284
4479
7807
7648
4906
5004
7692
2208
8271
8184
1919
4385
6072
7646
6445
3253
8392
2512
2620
4638
9119
8643
6802
9837
9006
1286
3616
9484
9797
6503
6713
7974
7268
3566
7017
6432
403
5586
3593
5539
6720
5985
4349
7801
6457
3922
408
5221
3353
4202
6271
8038
7239
7753
1400
4784
7857
9925
5693
3061
1291
3296
6635
2353
4292
1284
3191
9342
4622
6624
1121
6452
7019
5028
1192
5425
5933
5690
2223
8717
5012
6107
6460
8719
837
6769
1189
5005
3911
2939
2215
6464
8796
9049
2891
7772
1360
2709
7046
1484
5196
7604
936
6630
9304
3791
4721
4659
7507
1800
3315
3783
6332
8822
4365
8605
3703
5197
8654
3111
2935
3768
8162
2163
3088
4859
9124
7589
943
2038
8322
9587
2176
5952
3674
2057
8687
3934
8734
2077
9475
923
4932
2522
5007
2628
9141
2608
4165
2131
5252
3555
2811
6765
6541
897
3167
4465
6141
1279
4571
4350
1728
1300
2712
3575
5741
2771
7939
1062
6114
1877
5262
3166
2701
8599
2881
1523
7583
7337
4344
2198
373
9065
5317
124
5795
2205
3790
7877
7065
7031
7695
7789
8545
2503
4495
7526
7245
1674
1367
14
8713
5267
9867
95
9234
3987
5578
2874
7899
8516
6130
1950
5602
5524
8625
6249
3767
1036
8072
407
3011
770
8243
347
6523
9155
1553
2177
599
8315
6700
236
7261
3638
1218
8658
4553
2425
6919
556
5902
7083
5190
8974
5906
7520
4329
9457
3680
7048
1515
496
6567
3333
9682
7066
9104
7251
492
2243
6813
4521
8517
8754
1889
9869
5854
1872
5310
9685
66
8520
6496
1907
3375
7191
8765
6292
4213
3980
3724
2045
2087
5303
3510
3328
1488
7235
30
3431
7862
2133
6291
9760
4076
5691
3608
26
6589
445
9949
2259
9512
394
234
9090
7845
1290
5233
1344
6512
5904
1667
4878
2509
3252
7152
3475
2303
9371
4386
4034
5931
5093
5463
1637
2634
9692
1260
733
1007
5840
7146
3004
5998
5371
1778
644
4683
3507
7707
130
8968
7594
4311
5402
7038
4457
2849
5922
2548
1026
6955
9402
930
6047
6577
2721
944
2999
7285
3165
3046
9171
4529
1046
6662
6171
8762
5679
187
1152
1508
2267
7591
1133
4987
2826
7175
4731
3030
2686
4251
2846
5748
8878
6250
1897
4335
3535
8124
762
4047
159
2648
5066
6632
9274
2053
1656
4255
6928
8093
8827
4293
5631
8464
9112
138
1522
8899
7276
448
5275
7472
9013
1958
6360
4298
5321
659
952
9549
7945
375
4577
8168
6858
7809
8865
1426
7812
7154
2383
7536
9313
5341
7725
6696
5981
8836
9177
5322
2142
8246
1383
3941
509
5962
4170
1871
7610
4439
1772
2616
8314
9935
488
5499
9762
2834
8610
7365
9128
8395
7503
663
1016
7260
890
32
9829
9350
5866
7216
3932
1409
7535
8784
7032
3368
9751
1766
7419
7185
4377
1545
6826
2753
1086
5870
805
1750
2406
4756
2312
9222
6603
2501
6282
1372
9002
6520
2150
4192
1499
3895
6433
5175
8555
6943
4048
9317
3425
8698
6403
5145
8704
7389
88
7205
996
4045
3759
3351
5434
4443
6238
8689
1074
570
4746
9450
5153
8252
5804
908
8538
6824
7515
4184
7754
1510
8083
777
4937
2190
6651
6519
3880
291
5829
2070
580
4296
2315
1144
9785
3393
852
140
1873
4488
4189
197
9219
7851
901
9963
658
9696
8180
7308
2990
9585
3451
7257
7240
3914
1546
2626
3707
2649
1326
9016
9789
4604
9020
7625
8367
501
5678
1187
3041
4208
4473
3109
2644
6335
2904
9830
1809
6495
1154
4368
5037
5760
1226
1666
4524
4650
2073
6473
3047
8695
2776
9054
5266
596
7572
3021
1544
9771
2730
8468
2556
1952
1845
5567
5563
5556
8179
64
3406
603
5936
4879
8922
6152
4265
6082
4127
152
199
3952
5676
395
1184
3340
1021
8659
4493
1669
6020
3671
9604
1140
6946
6098
1961
8499
788
9430
593
8902
5523
9491
635
1430
3874
6642
2474
7008
5131
7984
2338
9318
7305
2430
9531
