5
10
30
50
60
61
66
70
77
79
97
99
110
135
140
150
153
167
177
194
197
199
207
209
241
261
282
305
307
318
322
329
342
344
346
349
358
361
365
373
375
394
397
407
424
448
453
454
464
467
469
502
509
566
569
570
575
587
591
595
608
614
628
632
644
648
658
698
699
706
715
717
741
752
756
770
771
778
783
804
805
806
814
820
821
829
831
837
843
844
848
849
852
857
877
901
903
914
930
943
944
952
954
968
969
988
989
996
1015
1023
1031
1037
1041
1059
1062
1075
1082
1086
1089
1092
1103
1123
1133
1134
1140
1147
1151
1152
1155
1158
1177
1180
1182
1191
1205
1209
1212
1258
1263
1267
1280
1300
1336
1340
1362
1367
1370
1423
1443
1448
1478
1488
1493
1496
1514
1520
1524
1537
1543
1556
1571
1596
1599
1609
1634
1641
1645
1656
1661
1668
1680
1682
1696
1701
1709
1746
1750
1760
1768
1770
1775
1787
1789
1796
1800
1802
1845
1846
1859
1861
1873
1877
1882
1919
1930
1950
1952
1963
1981
1982
1987
1995
2007
2015
2038
2057
2077
2088
2101
2107
2112
2116
2124
2132
2154
2177
2181
2183
2199
2206
2212
2223
2224
2230
2236
2237
2245
2256
2272
2278
2282
2287
2302
2303
2310
2312
2319
2346
2347
2353
2372
2378
2383
2391
2407
2412
2415
2425
2426
2429
2431
2436
2437
2458
2463
2471
2473
2474
2501
2502
2512
2517
2519
2520
2523
2530
2547
2554
2556
2559
2562
2591
2605
2615
2617
2621
2622
2623
2627
2636
2652
2668
2670
2676
2684
2692
2696
2705
2706
2712
2730
2735
2738
2757
2759
2760
2765
2771
2806
2808
2809
2811
2823
2824
2832
2835
2874
2884
2905
2907
2916
2926
2932
2933
2939
2949
2952
2973
2976
2990
2994
2995
3002
3008
3029
3033
3041
3044
3053
3056
3061
3065
3066
3069
3070
3077
3093
3098
3105
3111
3112
3118
3119
3123
3133
3145
3149
3184
3200
3222
3224
3231
3234
3244
3245
3255
3267
3279
3285
3296
3298
3315
3316
3334
3338
3352
3353
3360
3361
3364
3370
3378
3397
3406
3419
3425
3429
3430
3431
3451
3462
3478
3482
3500
3506
3507
3517
3521
3525
3533
3535
3538
3581
3602
3608
3638
3646
3649
3656
3665
3666
3671
3681
3684
3692
3694
3698
3709
3718
3719
3734
3747
3759
3770
3780
3783
3786
3793
3807
3809
3812
3817
3829
3838
3854
3858
3862
3866
3870
3881
3895
3905
3911
3922
3965
3975
3993
3998
4017
4021
4031
4047
4053
4075
4076
4084
4092
4093
4099
4109
4116
4117
4130
4146
4155
4162
4166
4176
4179
4194
4214
4216
4241
4249
4262
4269
4270
4277
4296
4306
4310
4319
4329
4366
4369
4382
4385
4401
4411
4451
4469
4482
4491
4493
4495
4498
4506
4520
4523
4524
4529
4541
4546
4551
4598
4607
4630
4638
4653
4659
4675
4685
4690
4710
4712
4716
4717
4725
4735
4755
4756
4775
4788
4797
4799
4819
4829
4846
4864
4879
4896
4913
4929
4940
4949
4954
4957
4958
4969
4985
5003
5028
5029
5044
5057
5058
5066
5089
5105
5108
5109
5132
5157
5169
5174
5178
5179
5186
5187
5191
5192
5200
5214
5228
5236
5237
5244
5246
5251
5254
5255
5269
5274
5275
5295
5296
5303
5308
5313
5319
5326
5328
5336
5341
5342
5362
5365
5371
5373
5391
5395
5397
5401
5421
5430
5437
5456
5476
5501
5510
5518
5522
5523
5558
5561
5566
5567
5579
5586
5593
5595
5625
5638
5651
5654
5658
5663
5698
5700
5702
5712
5722
5725
5726
5733
5734
5751
5756
5760
5774
5802
5803
5804
5805
5814
5824
5859
5865
5885
5891
5905
5906
5912
5924
5944
5948
5992
5997
6004
6013
6027
6032
6046
6047
6053
6073
6080
6081
6085
6088
6090
6094
6098
6118
6123
6130
6148
6150
6170
6184
6194
6212
6221
6230
6239
6241
6245
6252
6260
6263
6268
6278
6284
6290
6303
6314
6333
6366
6388
6401
6407
6416
6420
6433
6438
6447
6452
6456
6461
6463
6472
6483
6502
6506
6530
6552
6553
6554
6557
6566
6571
6573
6587
6590
6593
6604
6614
6615
6619
6628
6635
6636
6638
6642
6644
6654
6661
6674
6680
6690
6695
6697
6716
6758
6767
6768
6773
6793
6796
6802
6812
6834
6837
6863
6874
6875
6884
6893
6895
6898
6916
6926
6928
6931
6934
6948
6953
6966
6967
6970
7003
7016
7022
7024
7038
7039
7045
7084
7091
7146
7151
7154
7155
7160
7169
7175
7179
7200
7211
7221
7229
7230
7236
7240
7245
7253
7255
7257
7262
7270
7272
7303
7305
7313
7314
7321
7326
7327
7330
7336
7340
7348
7350
7388
7391
7392
7401
7404
7410
7415
7417
7419
7425
7430
7435
7470
7492
7493
7502
7515
7517
7520
7529
7530
7537
7545
7552
7572
7574
7615
7618
7635
7655
7663
7665
7668
7671
7688
7689
7707
7714
7719
7726
7728
7742
7743
7754
7755
7775
7789
7791
7801
7807
7817
7818
7821
7825
7851
7859
7860
7865
7873
7895
7942
7974
7985
7988
7990
7999
8014
8016
8023
8055
8068
8072
8077
8080
8081
8090
8091
8093
8095
8107
8127
8143
8164
8180
8181
8192
8199
8206
8216
8240
8249
8257
8273
8279
8283
8289
8306
8316
8332
8342
8361
8368
8388
8392
8395
8406
8414
8421
8452
8464
8468
8474
8486
8506
8519
8534
8540
8545
8560
8579
8588
8593
8615
8637
8640
8648
8652
8653
8658
8676
8682
8686
8704
8716
8717
8722
8729
8765
8780
8790
8813
8818
8821
8831
8834
8835
8842
8843
8844
8852
8856
8857
8871
8878
8899
8902
8906
8907
8910
8920
8922
8959
8964
8974
9006
9019
9022
9030
9037
9044
9054
9074
9080
9090
9095
9114
9130
9134
9140
9143
9147
9163
9174
9208
9214
9222
9224
9232
9258
9287
9298
9304
9311
9318
9322
9338
9339
9343
9348
9350
9371
9374
9394
9401
9417
9418
9425
9427
9438
9446
9450
9453
9462
9472
9475
9481
9483
9485
9494
9536
9547
9556
9558
9575
9603
9636
9639
9656
9658
9659
9681
9686
9691
9696
9701
9715
9722
9742
9749
9751
9752
9757
9762
9771
9778
9785
9790
9799
9805
9809
9829
9830
9831
9833
9834
9837
9838
9855
9856
9882
9889
9905
9917
9932
9937
9949
9957
9977
