10
95
97
178
255
320
556
597
617
627
652
658
699
705
754
805
889
947
1003
1033
1099
1226
1235
1309
1377
1509
1556
1594
1606
1613
1672
1688
1780
1796
1946
2011
2053
2073
2143
2146
2163
2199
2312
2361
2528
2572
2579
2606
2728
2788
2872
2882
2891
2903
2934
3056
3085
3118
3214
3224
3228
3251
3288
3292
3328
3341
3367
3375
3468
3710
3749
3761
3899
4107
4140
4296
4307
4349
4402
4411
4435
4457
4470
4534
4572
4747
4808
4821
4879
4910
4958
5025
5051
5121
5131
5197
5225
5296
5377
5415
5453
5479
5516
5533
5567
5602
5638
5702
5704
5758
5829
5840
5931
5962
6034
6038
6078
6087
6109
6184
6190
6294
6485
6493
6516
6553
6587
6633
6662
6696
6880
6898
6936
6968
6981
7026
7170
7175
7190
7216
7253
7349
7356
7364
7401
7444
7494
7558
7577
7598
7643
7818
7879
7883
7911
7974
8055
8080
8111
8181
8233
8408
8439
8465
8480
8534
8540
8555
8557
8579
8601
8605
8610
8762
8897
8906
8955
8965
8971
9042
9053
9114
9177
9362
9450
9453
9499
9532
9543
9578
9617
9689
9710
9750
9790
9842
9912
