30
74
167
179
191
194
197
241
280
299
419
454
458
475
492
503
529
537
541
575
583
614
642
697
703
717
752
771
794
803
816
861
870
889
930
997
1041
1109
1121
1122
1133
1134
1145
1205
1231
1247
1263
1273
1297
1411
1414
1426
1435
1522
1544
1553
1567
1648
1656
1740
1750
1765
1836
1844
1870
1888
1903
1923
1932
1952
2032
2103
2149
2167
2183
2237
2302
2314
2345
2372
2419
2467
2474
2482
2509
2523
2544
2571
2579
2648
2670
2672
2677
2707
2783
2860
2863
2884
2937
3043
3051
3076
3124
3153
3197
3199
3227
3238
3250
3292
3302
3352
3401
3402
3425
3447
3476
3538
3617
3636
3638
3656
3670
3671
3675
3709
3754
3791
3800
3809
3859
3862
3907
3968
4041
4075
4083
4098
4101
4102
4114
4143
4157
4202
4251
4269
4349
4406
4414
4422
4438
4440
4471
4491
4495
4523
4554
4611
4619
4631
4635
4637
4645
4679
4706
4710
4719
4735
4752
4804
4819
4822
4827
4829
4836
4922
4958
4960
4976
4978
4999
5009
5025
5033
5073
5079
5081
5095
5111
5165
5169
5191
5197
5230
5247
5275
5303
5310
5319
5338
5347
5403
5486
5502
5569
5640
5657
5658
5661
5687
5751
5757
5812
5820
5834
5854
5902
5924
5944
5958
6001
6042
6074
6076
6090
6152
6190
6200
6254
6267
6300
6329
6344
6407
6420
6422
6456
6505
6553
6575
6584
6630
6632
6654
6707
6736
6758
6765
6814
6854
6855
6863
6895
6913
6934
6938
6943
6944
6948
6995
7032
7059
7064
7095
7116
7221
7225
7262
7299
7301
7317
7340
7379
7396
7425
7473
7494
7495
7498
7502
7534
7537
7587
7663
7670
7673
7716
7730
7734
7751
7754
7817
7860
7890
7895
7916
7985
7990
8080
8113
8239
8305
8316
8343
8370
8374
8417
8474
8501
8523
8528
8565
8585
8637
8652
8653
8664
8705
8717
8736
8753
8755
8758
8787
8799
8823
8853
8885
8899
8922
8952
9054
9089
9095
9128
9139
9140
9152
9168
9192
9235
9274
9320
9325
9334
9341
9371
9397
9422
9462
9481
9483
9488
9500
9615
9629
9649
9701
9709
9714
9728
9810
9821
9837
9865
9868
9874
9917
9994
9996
