2
5
10
16
20
26
37
39
46
51
65
71
86
95
96
110
112
113
114
120
126
130
134
140
148
155
156
160
169
176
177
181
191
197
199
209
214
223
233
237
246
253
255
259
292
301
312
314
318
320
325
329
334
342
344
351
357
361
365
369
373
375
388
394
395
396
398
401
405
411
424
431
432
435
440
444
445
450
453
455
460
461
463
464
465
469
473
479
491
499
500
501
503
509
515
528
536
548
549
556
564
570
575
587
591
593
594
595
598
606
614
615
617
635
644
645
659
660
661
663
667
668
699
702
706
717
729
733
736
737
742
746
752
753
756
769
777
783
798
806
807
820
821
828
837
841
843
849
884
886
892
899
905
908
936
941
944
950
952
960
964
967
976
979
989
990
994
1006
1007
1015
1024
1026
1033
1036
1043
1048
1054
1059
1061
1062
1074
1075
1089
1103
1104
1105
1114
1118
1123
1128
1133
1134
1140
1151
1156
1167
1179
1180
1184
1186
1191
1205
1227
1233
1249
1257
1291
1292
1300
1303
1309
1312
1322
1332
1336
1341
1344
1348
1362
1367
1376
1382
1383
1393
1398
1408
1409
1422
1428
1463
1465
1468
1472
1477
1480
1489
1499
1500
1502
1509
1514
1524
1529
1531
1532
1537
1539
1542
1544
1564
1569
1570
1571
1575
1592
1598
1604
1608
1609
1612
1616
1629
1643
1658
1661
1692
1699
1701
1708
1728
1732
1740
1745
1750
1752
1753
1755
1757
1759
1763
1773
1777
1778
1780
1786
1789
1798
1800
1810
1816
1818
1832
1859
1867
1873
1885
1888
1890
1892
1896
1897
1902
1908
1911
1913
1914
1927
1946
1951
1952
1958
1986
1997
1999
2015
2024
2025
2030
2032
2038
2043
2046
2057
2069
2070
2080
2085
2087
2095
2099
2100
2101
2103
2107
2112
2115
2116
2117
2125
2133
2134
2144
2152
2153
2154
2157
2177
2210
2212
2221
2223
2230
2231
2237
2239
2246
2259
2268
2280
2283
2298
2299
2303
2304
2334
2336
2337
2348
2352
2357
2371
2375
2391
2401
2407
2411
2419
2420
2421
2425
2431
2436
2438
2460
2469
2474
2487
2490
2504
2505
2507
2510
2515
2519
2520
2539
2544
2547
2556
2558
2562
2565
2577
2579
2588
2591
2605
2606
2615
2620
2623
2625
2627
2628
2630
2641
2649
2659
2662
2688
2696
2704
2706
2707
2720
2723
2730
2733
2743
2758
2774
2775
2781
2782
2785
2795
2800
2815
2816
2834
2846
2848
2851
2853
2856
2858
2867
2874
2875
2878
2879
2881
2884
2905
2920
2926
2935
2937
2939
2942
2943
2954
2956
2957
2961
2963
2972
2973
2974
2990
2992
3010
3020
3030
3034
3035
3036
3038
3043
3066
3071
3082
3088
3091
3116
3119
3123
3129
3131
3132
3139
3143
3166
3174
3179
3181
3201
3206
3214
3222
3224
3235
3245
3251
3252
3255
3270
3279
3283
3292
3298
3300
3308
3311
3325
3330
3340
3346
3352
3353
3358
3361
3365
3386
3398
3412
3431
3447
3448
3449
3456
3458
3462
3464
3475
3478
3479
3485
3489
3495
3506
3510
3512
3523
3525
3538
3552
3555
3575
3581
3593
3603
3608
3611
3612
3614
3617
3629
3632
3648
3662
3666
3671
3692
3694
3697
3702
3703
3706
3715
3719
3741
3751
3758
3762
3765
3769
3772
3780
3783
3795
3797
3809
3854
3856
3859
3862
3866
3877
3890
3915
3921
3935
3939
3940
3941
3945
3947
3952
3956
3969
3979
3983
3989
3991
3993
3998
3999
4002
4021
4025
4026
4027
4030
4031
4048
4053
4057
4058
4060
4062
4065
4076
4081
4099
4114
4116
4127
4134
4136
4138
4143
4150
4161
4164
4167
4173
4174
4189
4191
4192
4199
4200
4209
4211
4215
4230
4245
4249
4266
4267
4269
4273
4275
4289
4293
4294
4308
4310
4319
4322
4329
4348
4365
4368
4384
4386
4403
4410
4431
4436
4438
4445
4446
4449
4457
4472
4484
4493
4498
4509
4517
4519
4524
4533
4536
4540
4570
4576
4597
4604
4607
4611
4619
4621
4625
4629
4635
4644
4646
4653
4654
4656
4659
4677
4679
4685
4690
4693
4696
4710
4716
4717
4725
4733
4735
4739
4741
4748
4751
4775
4780
4785
4789
4791
4793
4806
4812
4815
4827
4829
4845
4846
4859
4863
4872
4879
4883
4884
4897
4900
4904
4914
4925
4926
4929
4937
4948
4954
4956
4957
4960
4962
4969
4975
4976
4988
4997
5003
5004
5007
5018
5022
5024
5033
5037
5041
5046
5049
5073
5076
5080
5089
5092
5103
5107
5111
5113
5117
5120
5121
5125
5127
5131
5132
5147
5153
5165
5169
5172
5174
5179
5182
5187
5188
5191
5192
5197
5204
5205
5221
5234
5237
5242
5244
5246
5252
5257
5259
5269
5274
5275
5277
5298
5306
5317
5321
5327
5338
5342
5345
5349
5359
5362
5370
5373
5374
5375
5376
5379
5392
5401
5409
5414
5425
5430
5434
5444
5455
5461
5462
5466
5468
5476
5480
5482
5488
5489
5499
5501
5507
5508
5510
5512
5515
5516
5519
5520
5523
5528
5535
5536
5542
5546
5550
5551
5552
5554
5567
5588
5598
5602
5607
5610
5613
5615
5616
5627
5629
5631
5645
5647
5649
5651
5653
5670
5671
5675
5698
5700
5701
5702
5703
5708
5717
5719
5726
5729
5733
5736
5738
5741
5742
5751
5757
5760
5789
5795
5800
5802
5803
5805
5826
5832
5834
5839
5840
5844
5854
5857
5861
5865
5870
5872
5884
5893
5904
5906
5911
5912
5923
5927
5928
5936
5938
5939
5940
5941
5944
5954
5985
5990
5992
5997
6000
6001
6021
6025
6027
6038
6042
6046
6051
6053
6061
6069
6072
6074
6080
6087
6088
6098
6101
6102
6111
6124
6131
6144
6148
6152
6153
6161
6172
6179
6186
6195
6200
6212
6224
6225
6236
6249
6250
6255
6263
6284
6286
6287
6293
6295
6300
6302
6311
6312
6320
6329
6340
6341
6351
6354
6357
6358
6360
6367
6369
6372
6385
6386
6392
6396
6415
6430
6432
6437
6447
6448
6451
6452
6453
6456
6460
6467
6473
6474
6477
6482
6487
6494
6496
6503
6512
6513
6517
6519
6525
6532
6536
6541
6552
6553
6560
6565
6567
6568
6571
6572
6573
6576
6581
6582
6590
6593
6594
6599
6604
6605
6612
6614
6626
6628
6629
6632
6636
6637
6642
6677
6685
6689
6690
6693
6695
6709
6718
6720
6730
6734
6739
6740
6761
6762
6766
6768
6772
6773
6778
6785
6793
6795
6796
6803
6804
6812
6817
6819
6824
6825
6826
6830
6841
6851
6855
6861
6870
6880
6882
6883
6893
6914
6928
6931
6934
6936
6937
6941
6946
6948
6949
6953
6954
6963
6975
6981
6986
6995
7019
7029
7030
7033
7038
7045
7050
7059
7081
7084
7102
7127
7129
7137
7140
7146
7153
7157
7171
7173
7178
7193
7200
7221
7229
7240
7242
7245
7247
7251
7262
7268
7269
7270
7277
7278
7305
7313
7315
7319
7321
7323
7327
7328
7334
7340
7348
7349
7350
7373
7379
7381
7387
7388
7390
7391
7392
7410
7415
7417
7419
7425
7430
7440
7441
7476
7493
7498
7507
7515
7517
7541
7548
7560
7572
7580
7587
7594
7606
7608
7610
7626
7627
7634
7636
7643
7648
7650
7653
7659
7663
7665
7667
7671
7676
7677
7707
7721
7726
7736
7751
7769
7772
7773
7775
7790
7791
7802
7807
7808
7809
7817
7818
7820
7826
7847
7848
7855
7859
7867
7874
7878
7890
7895
7899
7910
7914
7916
7920
7921
7923
7934
7937
7970
7975
7978
7981
7990
7999
8002
8010
8011
8014
8016
8023
8024
8025
8027
8038
8043
8044
8045
8064
8065
8068
8074
8077
8080
8090
8091
8099
8103
8105
8107
8109
8124
8125
8134
8137
8141
8143
8148
8164
8172
8176
8179
8180
8181
8182
8185
8192
8205
8208
8225
8241
8246
8249
8250
8251
8258
8259
8261
8265
8266
8278
8284
8289
8297
8305
8310
8318
8319
8332
8334
8337
8340
8345
8354
8363
8366
8368
8370
8375
8383
8392
8395
8400
8414
8421
8427
8429
8436
8438
8452
8462
8473
8474
8479
8481
8486
8489
8499
8501
8502
8513
8524
8534
8538
8547
8555
8556
8557
8559
8564
8574
8575
8584
8585
8588
8590
8596
8597
8604
8610
8629
8637
8641
8644
8650
8652
8653
8654
8658
8661
8663
8667
8679
8685
8688
8695
8696
8705
8710
8711
8721
8729
8739
8753
8759
8764
8767
8776
8784
8794
8797
8799
8804
8810
8822
8827
8833
8842
8844
8853
8857
8861
8874
8879
8883
8902
8907
8911
8912
8913
8920
8933
8942
8944
8949
8961
8963
8968
8971
8979
9002
9006
9007
9010
9013
9015
9016
9019
9022
9030
9032
9033
9037
9047
9048
9053
9060
9065
9067
9074
9076
9084
9090
9094
9095
9103
9105
9108
9113
9120
9125
9135
9141
9144
9147
9150
9158
9163
9165
9177
9189
9192
9205
9207
9208
9213
9220
9224
9232
9238
9253
9273
9274
9290
9296
9308
9309
9311
9327
9330
9334
9341
9352
9358
9366
9377
9378
9392
9393
9394
9397
9402
9407
9411
9416
9417
9419
9422
9428
9431
9437
9447
9450
9456
9462
9466
9475
9481
9483
9484
9490
9491
9492
9500
9510
9517
9518
9538
9541
9542
9543
9546
9547
9556
9561
9575
9576
9579
9590
9603
9617
9624
9626
9629
9637
9639
9649
9659
9668
9679
9683
9696
9701
9709
9715
9731
9732
9743
9745
9762
9771
9778
9782
9789
9795
9796
9797
9818
9821
9824
9830
9833
9834
9837
9844
9845
9859
9867
9868
9869
9872
9876
9895
9898
9903
9907
9911
9913
9917
9922
9928
9944
9949
9952
9996
9998
