9
11
14
18
34
45
50
72
93
96
97
104
107
116
157
161
208
217
253
265
272
285
288
289
291
299
300
310
333
334
337
345
361
372
379
386
390
392
402
409
454
481
486
487
490
493
495
504
511
514
516
519
523
535
544
545
549
559
561
568
576
588
590
592
601
605
611
613
622
624
639
645
654
662
665
693
698
709
712
713
721
722
726
732
738
741
753
765
772
784
789
800
810
812
815
839
842
857
858
861
865
868
874
876
880
895
899
902
920
921
928
942
959
963
968
969
973
994
1005
1006
1011
1016
1022
1023
1029
1059
1060
1068
1069
1071
1073
1075
1076
1079
1085
1090
1091
1098
1101
1102
1106
1107
1119
1139
1142
1153
1158
1162
1165
1171
1183
1190
1195
1197
1206
1214
1218
1232
1234
1243
1250
1262
1263
1281
1301
1305
1313
1331
1335
1349
1354
1360
1364
1369
1385
1390
1392
1406
1407
1412
1413
1414
1419
1426
1446
1447
1449
1457
1466
1477
1478
1481
1482
1483
1486
1488
1490
1500
1508
1517
1519
1522
1550
1555
1557
1561
1562
1565
1586
1589
1601
1604
1611
1621
1635
1641
1643
1648
1655
1657
1659
1663
1665
1689
1695
1706
1717
1719
1725
1738
1742
1745
1752
1754
1755
1758
1797
1801
1805
1809
1811
1824
1825
1826
1833
1843
1849
1855
1857
1878
1891
1894
1901
1913
1914
1922
1943
1948
1951
1956
1962
1970
1974
1975
1978
1991
2007
2031
2040
2042
2045
2048
2055
2070
2084
2090
2093
2095
2109
2113
2118
2122
2133
2138
2139
2143
2153
2156
2169
2170
2176
2182
2184
2188
2194
2201
2202
2204
2218
2221
2241
2244
2252
2259
2274
2278
2279
2281
2295
2296
2308
2318
2328
2347
2357
2368
2370
2378
2380
2389
2408
2411
2424
2426
2445
2448
2450
2457
2459
2467
2470
2473
2475
2478
2480
2484
2485
2492
2496
2502
2504
2517
2536
2537
2541
2546
2553
2559
2561
2564
2574
2583
2584
2591
2593
2600
2607
2610
2615
2622
2656
2664
2665
2668
2669
2686
2691
2694
2713
2724
2731
2732
2748
2750
2764
2780
2790
2791
2795
2796
2803
2820
2827
2830
2833
2837
2839
2857
2865
2871
2879
2887
2893
2917
2924
2929
2938
2947
2953
2964
2967
2971
2994
3009
3010
3017
3020
3022
3027
3034
3039
3045
3057
3058
3062
3074
3077
3080
3112
3121
3122
3132
3134
3137
3141
3157
3161
3162
3181
3182
3184
3187
3199
3210
3213
3232
3233
3239
3244
3261
3268
3269
3272
3273
3277
3286
3289
3295
3303
3307
3313
3326
3331
3341
3347
3362
3367
3372
3380
3385
3395
3404
3405
3410
3423
3437
3441
3445
3447
3465
3467
3486
3504
3516
3530
3544
3546
3547
3549
3552
3558
3567
3582
3583
3586
3588
3592
3609
3611
3612
3613
3623
3667
3685
3689
3695
3699
3717
3719
3731
3739
3745
3747
3748
3763
3765
3768
3777
3788
3796
3813
3829
3836
3837
3839
3841
3855
3858
3861
3869
3870
3873
3881
3886
3889
3897
3925
3929
3930
3937
3938
3939
3951
3955
3971
3974
3985
3986
4006
4008
4009
4014
4020
4022
4024
4030
4034
4046
4049
4056
4064
4067
4078
4080
4088
4091
4102
4105
4113
4124
4131
4142
4143
4159
4160
4171
4182
4201
4214
4216
4218
4222
4229
4237
4240
4243
4253
4257
4259
4260
4263
4278
4283
4297
4298
4308
4318
4324
4326
4330
4337
4338
4341
4343
4348
4361
4363
4380
4390
4394
4407
4409
4413
4418
4425
4429
4431
4433
4444
4454
4455
4456
4461
4471
4480
4484
4489
4505
4511
4531
4539
4544
4564
4587
4628
4641
4647
4648
4649
4652
4666
4683
4704
4706
4714
4719
4723
4725
4728
4736
4742
4743
4755
4764
4768
4771
4772
4787
4789
4800
4807
4810
4812
4827
4837
4839
4843
4853
4856
4857
4860
4869
4881
4882
4890
4895
4905
4907
4920
4925
4930
4932
4935
4940
4953
4957
4958
4961
4969
4977
4994
4997
4999
5000
5001
5014
5019
5035
5039
5047
5049
5078
5090
5099
5110
5136
5138
5140
5147
5149
5164
5168
5170
5178
5179
5222
5248
5255
5263
5265
5266
5286
5294
5319
5332
5333
5353
5356
5360
5382
5383
5384
5395
5420
5429
5448
5452
5457
5470
5471
5473
5480
5484
5513
5568
5596
5601
5605
5614
5617
5623
5624
5625
5635
5652
5653
5664
5667
5671
5672
5682
5683
5688
5692
5695
5696
5699
5707
5728
5746
5748
5759
5763
5764
5770
5772
5778
5784
5785
5798
5807
5818
5823
5829
5834
5846
5875
5885
5897
5899
5913
5925
5929
5935
5941
5948
5951
5958
5963
5965
5966
5967
5970
5973
5974
5977
5988
5993
6004
6031
6039
6049
6076
6078
6084
6100
6107
6112
6115
6118
6176
6182
6186
6198
6205
6208
6209
6216
6219
6223
6224
6234
6247
6254
6256
6259
6276
6279
6281
6291
6310
6314
6319
6323
6328
6333
6337
6346
6347
6355
6356
6358
6362
6366
6368
6388
6391
6404
6417
6427
6451
6453
6459
6471
6482
6484
6489
6509
6518
6521
6527
6534
6539
6541
6551
6579
6582
6583
6586
6611
6622
6644
6650
6657
6676
6691
6692
6699
6714
6728
6731
6733
6747
6749
6758
6760
6764
6766
6767
6775
6780
6801
6805
6807
6810
6811
6816
6838
6840
6844
6847
6851
6875
6878
6882
6886
6891
6915
6921
6940
6956
6982
6987
6998
7001
7012
7031
7034
7043
7047
7079
7089
7092
7094
7102
7122
7129
7130
7144
7154
7166
7167
7185
7190
7192
7194
7220
7223
7234
7245
7249
7252
7256
7268
7269
7272
7279
7288
7299
7301
7302
7308
7309
7312
7316
7325
7338
7339
7346
7353
7354
7355
7358
7363
7368
7371
7379
7387
7394
7405
7413
7459
7464
7468
7487
7493
7495
7521
7528
7533
7534
7547
7550
7565
7570
7576
7577
7606
7619
7629
7630
7642
7647
7651
7652
7653
7658
7661
7671
7690
7691
7692
7693
7694
7698
7700
7701
7718
7727
7756
7758
7762
7765
7777
7782
7786
7796
7799
7810
7828
7833
7868
7869
7870
7872
7873
7883
7888
7891
7898
7903
7908
7920
7938
7944
7948
7950
7955
7968
7973
7982
7987
7991
8002
8005
8021
8030
8032
8038
8039
8040
8045
8049
8065
8070
8076
8082
8095
8108
8132
8143
8147
8149
8152
8157
8158
8167
8173
8188
8207
8215
8217
8223
8240
8243
8246
8247
8253
8265
8266
8284
8287
8288
8343
8350
8353
8355
8358
8373
8402
8407
8408
8413
8418
8437
8441
8442
8444
8458
8460
8477
8495
8496
8500
8517
8520
8534
8567
8571
8580
8592
8611
8614
8623
8627
8638
8640
8647
8655
8656
8683
8712
8718
8726
8750
8756
8760
8762
8763
8798
8807
8814
8829
8830
8838
8845
8856
8870
8871
8873
8888
8907
8924
8926
8927
8947
8949
8963
8984
8991
8994
8998
9000
9001
9004
9037
9053
9054
9055
9065
9101
9105
9108
9110
9112
9135
9150
9154
9156
9159
9164
9172
9175
9178
9180
9184
9196
9200
9203
9236
9238
9241
9242
9244
9259
9266
9270
9275
9278
9283
9284
9286
9299
9307
9315
9326
9329
9331
9332
9334
9347
9372
9379
9383
9388
9389
9391
9395
9400
9411
9424
9440
9444
9468
9469
9470
9474
9478
9479
9480
9487
9489
9494
9508
9516
9523
9532
9540
9553
9568
9595
9600
9613
9614
9615
9618
9619
9634
9648
9651
9674
9695
9712
9739
9741
9742
9754
9763
9771
9775
9785
9799
9803
9813
9826
9828
9833
9835
9836
9846
9876
9880
9881
9889
9899
9908
9929
9955
9999
