6
13
14
18
19
20
28
29
34
37
41
45
54
55
60
72
73
79
80
82
93
97
102
104
107
111
116
123
131
137
148
154
159
160
161
166
175
202
208
217
222
234
240
248
257
265
268
272
274
285
286
288
290
291
292
296
299
300
311
317
329
331
333
334
338
348
350
369
371
372
374
379
381
386
390
392
395
400
403
408
409
410
415
417
425
429
454
467
472
481
484
487
489
490
493
497
499
504
507
511
512
513
514
519
523
524
527
534
535
536
542
544
546
547
554
559
561
584
588
589
592
594
596
603
605
608
610
613
617
619
622
625
626
635
645
654
662
667
670
681
691
693
700
709
712
721
722
723
724
726
732
738
743
750
753
754
756
757
763
765
772
777
778
780
784
791
800
805
812
813
815
822
823
827
830
839
844
847
859
860
861
865
868
870
874
875
887
891
897
902
911
918
920
921
928
930
939
942
943
951
955
958
959
962
963
968
969
973
975
976
977
983
987
990
994
999
1000
1006
1011
1017
1018
1023
1025
1029
1037
1038
1046
1059
1060
1068
1069
1071
1073
1076
1077
1079
1080
1085
1089
1091
1096
1097
1098
1102
1104
1106
1107
1108
1117
1125
1141
1142
1143
1154
1158
1162
1165
1171
1183
1188
1195
1196
1197
1198
1200
1204
1206
1213
1215
1229
1232
1234
1237
1238
1243
1250
1259
1262
1271
1273
1281
1288
1289
1295
1309
1312
1313
1314
1316
1317
1327
1331
1335
1349
1354
1360
1361
1363
1366
1367
1370
1371
1385
1390
1392
1406
1407
1408
1413
1414
1415
1419
1421
1426
1427
1432
1446
1447
1449
1450
1457
1458
1460
1466
1467
1475
1481
1483
1488
1490
1496
1497
1511
1517
1519
1522
1528
1540
1542
1550
1557
1562
1564
1565
1566
1578
1582
1586
1589
1601
1604
1611
1627
1630
1635
1636
1639
1641
1643
1650
1654
1655
1657
1661
1664
1665
1671
1677
1679
1682
1691
1703
1706
1711
1712
1719
1725
1726
1735
1742
1743
1744
1753
1758
1761
1778
1781
1783
1801
1805
1806
1809
1815
1819
1824
1825
1826
1846
1855
1857
1864
1865
1866
1869
1878
1879
1881
1890
1891
1892
1899
1900
1901
1903
1907
1912
1915
1917
1920
1922
1931
1942
1948
1949
1951
1956
1962
1967
1970
1974
1976
1978
1980
1982
1988
1991
2006
2007
2008
2012
2014
2021
2028
2040
2041
2042
2045
2050
2052
2055
2064
2070
2082
2090
2092
2093
2097
2102
2103
2104
2105
2109
2113
2118
2119
2124
2126
2135
2138
2139
2140
2141
2146
2148
2149
2153
2156
2169
2170
2179
2180
2184
2185
2188
2194
2196
2200
2201
2202
2204
2211
2217
2218
2221
2225
2229
2234
2241
2244
2245
2247
2249
2258
2260
2263
2265
2266
2272
2278
2281
2291
2295
2296
2297
2304
2315
2318
2328
2333
2336
2337
2340
2345
2354
2357
2364
2369
2374
2380
2382
2388
2389
2399
2408
2411
2417
2418
2424
2428
2436
2439
2445
2446
2448
2450
2451
2457
2459
2462
2463
2467
2470
2475
2476
2477
2478
2480
2484
2485
2488
2496
2502
2504
2513
2518
2536
2545
2546
2556
2559
2561
2566
2574
2584
2587
2591
2593
2601
2602
2607
2610
2615
2621
2622
2624
2640
2652
2663
2664
2668
2674
2679
2680
2683
2684
2686
2700
2713
2724
2730
2732
2739
2745
2749
2761
2763
2764
2771
2784
2789
2790
2791
2793
2796
2801
2802
2807
2809
2812
2817
2819
2820
2827
2830
2833
2837
2840
2841
2850
2853
2857
2863
2865
2866
2870
2871
2877
2880
2882
2883
2885
2892
2893
2894
2896
2901
2903
2909
2911
2917
2919
2921
2924
2926
2927
2929
2933
2941
2942
2944
2946
2947
2951
2953
2967
2971
2973
2979
2980
2982
2994
2996
3000
3007
3009
3010
3015
3017
3021
3022
3027
3028
3034
3037
3039
3045
3046
3048
3050
3057
3058
3064
3070
3079
3081
3086
3087
3100
3103
3117
3121
3122
3126
3138
3141
3142
3144
3145
3153
3155
3162
3176
3177
3182
3187
3197
3199
3203
3205
3213
3215
3217
3221
3223
3225
3232
3233
3234
3238
3239
3241
3243
3244
3260
3261
3263
3265
3266
3268
3269
3270
3272
3273
3285
3286
3290
3291
3302
3305
3307
3313
3317
3329
3331
3337
3341
3345
3351
3362
3367
3368
3370
3372
3374
3377
3378
3380
3385
3389
3395
3404
3405
3407
3409
3410
3423
3424
3426
3428
3429
3430
3435
3437
3441
3445
3453
3460
3465
3466
3467
3471
3478
3482
3486
3487
3499
3504
3508
3515
3516
3520
3521
3522
3527
3530
3540
3545
3546
3547
3549
3552
3553
3556
3558
3562
3563
3567
3568
3579
3583
3586
3588
3597
3599
3604
3609
3611
3626
3630
3641
3642
3643
3650
3652
3664
3665
3667
3678
3685
3686
3687
3689
3695
3699
3701
3705
3717
3720
3723
3729
3738
3739
3742
3745
3747
3748
3770
3777
3781
3784
3786
3788
3795
3800
3801
3802
3803
3811
3813
3814
3817
3829
3833
3834
3836
3837
3839
3841
3848
3855
3860
3869
3876
3886
3889
3904
3911
3918
3926
3930
3931
3937
3938
3951
3958
3961
3974
3975
3979
3982
3984
3985
3986
3994
4006
4014
4020
4022
4024
4028
4033
4034
4039
4045
4046
4056
4059
4061
4064
4070
4074
4078
4079
4080
4083
4088
4091
4095
4102
4104
4105
4113
4131
4132
4141
4142
4143
4144
4145
4146
4159
4165
4168
4179
4185
4186
4188
4194
4195
4196
4201
4206
4207
4212
4213
4218
4219
4222
4228
4232
4234
4237
4243
4252
4253
4254
4256
4258
4260
4263
4274
4278
4284
4288
4292
4295
4297
4298
4305
4308
4311
4314
4317
4318
4323
4324
4325
4328
4330
4336
4341
4348
4358
4360
4364
4367
4370
4371
4373
4374
4382
4387
4388
4389
4390
4394
4401
4405
4406
4407
4412
4413
4418
4419
4424
4426
4444
4454
4455
4456
4459
4465
4466
4480
4488
4489
4492
4497
4502
4511
4518
4522
4531
4532
4543
4544
4557
4560
4564
4567
4568
4588
4595
4597
4607
4611
4623
4631
4633
4635
4638
4641
4647
4648
4653
4657
4658
4664
4666
4670
4671
4673
4680
4688
4689
4698
4701
4704
4713
4714
4715
4719
4723
4728
4733
4737
4739
4742
4743
4751
4755
4766
4767
4768
4769
4771
4772
4781
4787
4800
4802
4803
4807
4809
4812
4813
4817
4822
4831
4835
4837
4839
4840
4843
4848
4851
4853
4854
4856
4857
4860
4863
4866
4869
4877
4881
4882
4886
4890
4891
4894
4895
4896
4904
4905
4909
4911
4914
4915
4916
4919
4923
4937
4944
4948
4950
4953
4961
4994
5000
5001
5002
5010
5019
5020
5021
5022
5035
5039
5047
5062
5076
5078
5079
5080
5081
5082
5091
5105
5110
5114
5116
5121
5137
5138
5140
5149
5157
5160
5164
5167
5170
5173
5178
5181
5189
5195
5196
5205
5209
5216
5217
5219
5223
5224
5226
5243
5248
5249
5251
5253
5256
5263
5264
5265
5270
5285
5286
5291
5294
5302
5315
5319
5322
5331
5332
5333
5347
5355
5356
5360
5376
5382
5383
5384
5390
5394
5403
5409
5412
5415
5420
5422
5423
5429
5439
5445
5447
5451
5452
5457
5464
5465
5470
5471
5472
5473
5478
5480
5484
5485
5491
5494
5498
5501
5502
5503
5513
5526
5533
5545
5561
5566
5568
5583
5585
5587
5588
5596
5598
5601
5608
5612
5614
5617
5619
5623
5624
5635
5637
5652
5666
5667
5672
5675
5683
5685
5688
5692
5694
5696
5699
5706
5707
5711
5712
5713
5716
5728
5735
5744
5757
5758
5759
5761
5764
5765
5766
5767
5770
5772
5777
5782
5784
5785
5788
5804
5807
5810
5818
5828
5829
5834
5844
5845
5847
5851
5858
5863
5875
5877
5887
5891
5895
5897
5899
5905
5913
5918
5920
5929
5935
5937
5948
5963
5964
5965
5966
5967
5970
5971
5973
5974
5975
5977
5980
5982
5988
5993
5998
6004
6013
6019
6020
6029
6036
6039
6045
6047
6048
6049
6052
6076
6078
6084
6087
6091
6094
6099
6106
6107
6110
6112
6115
6117
6118
6119
6123
6133
6140
6143
6156
6170
6173
6176
6182
6186
6193
6198
6205
6208
6209
6219
6223
6224
6226
6238
6256
6258
6259
6262
6265
6269
6273
6279
6291
6295
6296
6304
6308
6313
6314
6319
6320
6323
6324
6335
6336
6337
6340
6342
6343
6346
6347
6348
6350
6351
6355
6356
6368
6374
6377
6391
6395
6404
6408
6409
6411
6417
6432
6448
6451
6453
6455
6459
6462
6468
6471
6482
6484
6506
6511
6518
6534
6539
6541
6550
6554
6555
6560
6565
6572
6578
6579
6582
6583
6586
6587
6589
6593
6600
6601
6610
6611
6615
6619
6622
6642
6643
6652
6663
6667
6668
6676
6683
6691
6692
6699
6714
6718
6724
6725
6728
6730
6731
6733
6742
6743
6747
6749
6751
6755
6758
6760
6767
6775
6776
6780
6788
6791
6794
6798
6801
6805
6806
6807
6810
6811
6815
6818
6820
6846
6847
6864
6867
6882
6884
6886
6891
6910
6911
6927
6929
6932
6939
6940
6948
6955
6956
6964
6971
7001
7006
7013
7020
7022
7024
7025
7034
7043
7049
7052
7053
7057
7069
7071
7072
7079
7086
7088
7089
7094
7098
7106
7114
7121
7122
7129
7130
7136
7144
7151
7164
7165
7166
7167
7169
7180
7185
7189
7190
7192
7194
7205
7215
7216
7220
7223
7226
7231
7244
7245
7249
7268
7273
7276
7282
7289
7293
7296
7299
7301
7302
7303
7309
7312
7327
7331
7333
7334
7335
7338
7339
7353
7355
7357
7358
7363
7371
7372
7376
7387
7394
7396
7409
7423
7428
7433
7434
7448
7459
7464
7466
7467
7468
7474
7479
7483
7484
7485
7487
7488
7505
7511
7512
7515
7528
7533
7534
7540
7541
7543
7544
7546
7547
7550
7555
7563
7564
7565
7570
7585
7592
7593
7603
7606
7613
7616
7629
7631
7635
7639
7642
7647
7653
7658
7663
7672
7683
7688
7690
7691
7692
7694
7696
7698
7700
7701
7703
7704
7710
7712
7716
7731
7733
7741
7742
7755
7762
7767
7768
7776
7777
7782
7786
7788
7796
7799
7806
7810
7828
7833
7837
7838
7845
7866
7869
7870
7872
7876
7888
7891
7894
7898
7901
7904
7911
7925
7934
7936
7937
7938
7944
7948
7950
7951
7955
7957
7965
7966
7968
7973
7977
7982
7987
7991
7992
7993
7994
7995
7997
8002
8005
8008
8013
8021
8032
8038
8054
8060
8064
8065
8075
8085
8088
8089
8091
8094
8096
8103
8106
8108
8113
8116
8121
8132
8147
8149
8150
8152
8157
8158
8159
8162
8164
8184
8186
8188
8194
8206
8221
8223
8230
8237
8240
8243
8247
8253
8256
8260
8264
8285
8287
8288
8294
8329
8330
8339
8353
8355
8356
8358
8360
8373
8377
8388
8389
8393
8402
8407
8408
8415
8418
8423
8426
8434
8437
8439
8441
8442
8458
8460
8468
8477
8480
8495
8496
8500
8502
8503
8504
8510
8515
8517
8534
8544
8554
8561
8565
8567
8568
8582
8583
8596
8607
8608
8609
8615
8623
8627
8638
8640
8647
8655
8656
8683
8689
8697
8701
8705
8709
8712
8718
8744
8745
8747
8750
8756
8759
8760
8769
8782
8784
8789
8793
8798
8802
8807
8813
8814
8826
8829
8830
8834
8838
8839
8846
8852
8856
8860
8867
8871
8873
8880
8888
8890
8895
8902
8907
8909
8913
8914
8915
8925
8926
8927
8937
8945
8947
8951
8960
8963
8969
8974
8984
8986
8994
9000
9004
9005
9008
9024
9026
9037
9042
9051
9054
9055
9057
9058
9061
9081
9086
9089
9091
9104
9105
9106
9108
9110
9111
9112
9115
9124
9136
9141
9150
9151
9156
9159
9167
9172
9175
9182
9194
9195
9196
9200
9203
9212
9228
9232
9233
9240
9244
9247
9251
9259
9261
9266
9275
9279
9284
9285
9286
9299
9307
9326
9329
9331
9332
9333
9347
9351
9356
9357
9362
9364
9372
9383
9387
9389
9390
9391
9395
9400
9403
9407
9408
9410
9413
9424
9432
9440
9451
9455
9456
9466
9469
9470
9473
9474
9476
9477
9478
9479
9485
9487
9489
9490
9499
9502
9504
9508
9510
9516
9519
9523
9525
9530
9532
9537
9539
9540
9550
9552
9570
9571
9581
9582
9588
9589
9592
9595
9600
9611
9614
9615
9618
9619
9621
9628
9632
9634
9650
9651
9653
9655
9667
9669
9671
9672
9674
9680
9688
9689
9692
9695
9700
9712
9713
9714
9719
9733
9736
9739
9754
9762
9763
9769
9771
9773
9775
9799
9803
9806
9807
9813
9814
9826
9833
9835
9843
9845
9846
9861
9863
9876
9881
9885
9888
9889
9890
9897
9899
9904
9906
9913
9915
9929
9931
9935
9936
9941
9944
9955
9961
9975
9988
9994
9999
