1
36
41
66
72
100
104
105
106
110
124
139
158
173
177
199
212
226
230
269
273
308
355
369
395
402
414
432
433
434
451
454
465
469
470
488
490
498
509
510
515
545
586
630
635
683
693
710
723
726
727
734
758
773
778
780
789
804
806
817
828
830
832
841
849
895
899
930
931
935
952
962
983
1002
1007
1015
1043
1048
1052
1067
1073
1081
1085
1098
1115
1120
1135
1146
1150
1155
1185
1187
1209
1216
1255
1266
1268
1272
1275
1285
1288
1291
1298
1317
1339
1340
1343
1349
1351
1363
1370
1376
1380
1418
1444
1468
1474
1477
1513
1534
1541
1552
1557
1566
1587
1591
1593
1599
1628
1635
1643
1647
1663
1671
1675
1696
1729
1761
1775
1778
1789
1819
1833
1862
1873
1924
1926
1930
1933
1954
1965
2000
2002
2009
2057
2094
2095
2102
2113
2117
2120
2142
2151
2152
2153
2158
2159
2203
2209
2213
2219
2222
2227
2229
2247
2250
2254
2255
2269
2306
2312
2318
2333
2378
2389
2420
2432
2441
2445
2449
2460
2467
2479
2511
2512
2539
2549
2551
2561
2570
2606
2610
2611
2629
2633
2651
2659
2667
2678
2680
2681
2687
2691
2695
2739
2744
2745
2748
2754
2769
2772
2773
2791
2792
2794
2808
2813
2823
2829
2841
2848
2851
2860
2870
2897
2923
2926
2929
2932
2944
2969
2973
2976
2987
2992
3020
3022
3029
3033
3042
3043
3061
3066
3069
3085
3185
3186
3202
3243
3277
3299
3326
3335
3342
3343
3363
3376
3412
3416
3427
3436
3440
3456
3468
3472
3483
3496
3498
3502
3531
3544
3576
3577
3623
3644
3645
3656
3687
3698
3708
3710
3759
3764
3795
3812
3834
3840
3847
3885
3887
3891
3892
3901
3905
3918
3929
3934
3936
3955
3962
3965
3970
3977
4016
4018
4030
4047
4048
4054
4059
4088
4094
4115
4118
4134
4135
4137
4139
4146
4168
4173
4187
4203
4223
4225
4231
4268
4286
4291
4298
4311
4314
4384
4403
4411
4415
4426
4432
4441
4463
4486
4504
4506
4546
4547
4556
4570
4585
4594
4618
4622
4626
4630
4632
4635
4642
4645
4674
4683
4692
4695
4707
4746
4765
4791
4794
4799
4802
4809
4817
4833
4844
4845
4849
4851
4868
4899
4981
4998
5019
5020
5047
5098
5099
5111
5145
5146
5163
5184
5225
5226
5231
5237
5239
5243
5251
5343
5397
5413
5440
5449
5492
5518
5527
5528
5539
5570
5602
5608
5633
5671
5718
5719
5729
5730
5754
5805
5852
5897
5905
5969
5986
5995
6057
6111
6116
6120
6155
6184
6190
6285
6290
6385
6409
6426
6471
6481
6492
6511
6512
6546
6552
6563
6567
6570
6579
6580
6593
6596
6600
6605
6609
6611
6615
6618
6620
6645
6659
6668
6682
6689
6698
6699
6700
6708
6788
6880
6886
6922
6954
6956
6990
6991
6996
7029
7044
7047
7070
7071
7136
7148
7170
7177
7178
7190
7193
7194
7207
7210
7211
7212
7213
7252
7258
7283
7345
7349
7402
7410
7417
7431
7445
7457
7472
7478
7490
7496
7504
7519
7523
7528
7529
7565
7577
7578
7587
7588
7594
7602
7620
7623
7635
7639
7659
7673
7675
7676
7692
7769
7799
7805
7819
7867
7869
7922
7958
7964
7985
8006
8038
8049
8059
8082
8093
8125
8136
8142
8150
8178
8192
8198
8212
8226
8253
8258
8275
8309
8327
8374
8375
8377
8379
8389
8435
8469
8473
8511
8524
8547
8569
8578
8603
8610
8652
8674
8702
8759
8781
8785
8827
8835
8889
8906
8920
8928
8942
8952
8962
8963
9010
9013
9014
9027
9073
9099
9155
9175
9193
9194
9225
9248
9264
9281
9286
9293
9330
9331
9337
9379
9410
9436
9452
9465
9483
9492
9534
9560
9595
9600
9606
9621
9630
9643
9644
9654
9659
9666
9668
9672
9694
9697
9709
9711
9718
9723
9747
9748
9758
9759
9763
9773
9793
9814
9826
9827
9874
9906
9921
9927
9940
9954
9962
9965
