8
22
24
66
140
213
231
268
308
333
420
466
498
532
758
875
915
952
989
1022
1028
1081
1087
1105
1115
1250
1317
1370
1406
1454
1509
1655
1658
1703
1775
1786
1789
1846
1948
1985
2000
2075
2244
2297
2358
2400
2425
2469
2479
2516
2542
2659
2862
2920
2944
3039
3068
3096
3122
3153
3154
3185
3302
3343
3542
3575
3710
3748
3763
3772
3846
4009
4081
4096
4126
4145
4146
4167
4185
4189
4315
4370
4432
4439
4479
4545
4633
4657
4721
4846
4893
4963
4974
5032
5236
5339
5583
5736
5866
5877
5903
6087
6103
6392
6591
6596
6605
6615
6668
6700
6922
6983
7027
7603
7679
7720
7728
7735
7903
8184
8226
8318
8392
8416
8665
8759
8847
9045
9210
9382
9397
9541
9680
9720
9728
9751
9754
9789
9817
9835
9901
9906
9921
9924
9959
9977
